pos 100 11 1 0 40 1
pos 100 12 3 1 22 23
pos 101 11 1 0 45 1
pos 101 12 3 1 28 30
pos 102 11 1 0 50 1
pos 102 12 3 1 50 50
pos 103 11 1 0 50 1
pos 103 12 3 1 50 50
pos 104 11 1 0 50 25
pos 104 12 3 1 50 50
pos 105 11 1 0 50 49
pos 105 12 3 0 30 30
pos 106 11 1 0 50 49
pos 106 12 3 0 25 26
pos 107 11 1 1 33 20
pos 107 12 3 0 25 26
pos 108 11 1 1 2 1
pos 108 12 3 1 20 24
pos 109 11 1 1 2 1
pos 109 12 3 1 28 31
pos 110 11 1 0 40 1
pos 110 12 3 1 22 23
pos 111 11 1 0 45 1
pos 111 12 3 1 28 30
pos 112 11 1 0 50 1
pos 112 12 3 1 50 50
pos 113 11 1 0 50 1
pos 113 12 3 1 50 50
pos 114 11 1 0 50 25
pos 114 12 3 1 50 50
pos 115 11 1 0 50 49
pos 115 12 3 0 30 30
pos 116 11 1 0 50 49
pos 116 12 3 0 25 26
pos 117 11 1 1 33 20
pos 117 12 3 0 25 26
pos 118 11 1 1 2 1
pos 118 12 3 1 20 24
pos 119 11 1 1 2 1
pos 119 12 3 1 28 31
